400,[[[50.      50.      50.     ]
  [50.53125 50.53125 50.53125]
  [50.5625  50.5625  50.5625 ]
  ...
  [51.375   51.375   51.375  ]
  [51.5     51.5     51.5    ]
  [51.34375 51.34375 51.34375]]

 [[50.40625 50.40625 50.40625]
  [49.8125  49.8125  49.8125 ]
  [50.4375  50.4375  50.4375 ]
  ...
  [51.71875 51.71875 51.71875]
  [50.71875 50.71875 50.71875]
  [51.5625  51.5625  51.5625 ]]

 [[50.5     50.5     50.5    ]
  [49.84375 49.84375 49.84375]
  [50.5625  50.5625  50.5625 ]
  ...
  [51.90625 51.90625 51.90625]
  [51.21875 51.21875 51.21875]
  [50.875   50.875   50.875  ]]

 ...

 [[46.25    46.25    46.25   ]
  [45.9375  45.9375  45.9375 ]
  [46.25    46.25    46.25   ]
  ...
  [48.3125  48.3125  48.3125 ]
  [48.03125 48.03125 48.03125]
  [48.21875 48.21875 48.21875]]

 [[45.9375  45.9375  45.9375 ]
  [46.5     46.5     46.5    ]
  [45.875   45.875   45.875  ]
  ...
  [47.875   47.875   47.875  ]
  [48.      48.      48.     ]
  [48.34375 48.34375 48.34375]]

 [[46.34375 46.34375 46.34375]
  [46.59375 46.59375 46.59375]
  [45.875   45.875   45.875  ]
  ...
  [48.21875 48.21875 48.21875]
  [48.09375 48.09375 48.09375]
  [48.25    48.25    48.25   ]]]410,[[[63.77419355 63.77419355 63.77419355]
  [64.25806452 64.25806452 64.25806452]
  [64.25806452 64.25806452 64.25806452]
  ...
  [65.09677419 65.09677419 65.09677419]
  [65.09677419 65.09677419 65.09677419]
  [64.58064516 64.58064516 64.58064516]]

 [[64.22580645 64.22580645 64.22580645]
  [63.25806452 63.25806452 63.25806452]
  [64.25806452 64.25806452 64.25806452]
  ...
  [64.90322581 64.90322581 64.90322581]
  [64.25806452 64.25806452 64.25806452]
  [64.80645161 64.80645161 64.80645161]]

 [[64.35483871 64.35483871 64.35483871]
  [63.96774194 63.96774194 63.96774194]
  [64.03225806 64.03225806 64.03225806]
  ...
  [65.38709677 65.38709677 65.38709677]
  [64.5483871  64.5483871  64.5483871 ]
  [64.5483871  64.5483871  64.5483871 ]]

 ...

 [[59.83870968 59.83870968 59.83870968]
  [59.22580645 59.22580645 59.22580645]
  [59.03225806 59.03225806 59.03225806]
  ...
  [61.74193548 61.74193548 61.74193548]
  [60.87096774 60.87096774 60.87096774]
  [61.48387097 61.48387097 61.48387097]]

 [[59.48387097 59.48387097 59.48387097]
  [59.41935484 59.41935484 59.41935484]
  [59.70967742 59.70967742 59.70967742]
  ...
  [60.74193548 60.74193548 60.74193548]
  [61.         61.         61.        ]
  [61.35483871 61.35483871 61.35483871]]

 [[59.70967742 59.70967742 59.70967742]
  [59.90322581 59.90322581 59.90322581]
  [58.96774194 58.96774194 58.96774194]
  ...
  [60.93548387 60.93548387 60.93548387]
  [60.96774194 60.96774194 60.96774194]
  [60.80645161 60.80645161 60.80645161]]]420,[[[79.65625 79.65625 79.65625]
  [80.34375 80.34375 80.34375]
  [79.84375 79.84375 79.84375]
  ...
  [79.40625 79.40625 79.40625]
  [79.5625  79.5625  79.5625 ]
  [79.28125 79.28125 79.28125]]

 [[79.6875  79.6875  79.6875 ]
  [79.09375 79.09375 79.09375]
  [79.5625  79.5625  79.5625 ]
  ...
  [80.34375 80.34375 80.34375]
  [79.375   79.375   79.375  ]
  [79.6875  79.6875  79.6875 ]]

 [[80.      80.      80.     ]
  [78.46875 78.46875 78.46875]
  [79.8125  79.8125  79.8125 ]
  ...
  [80.65625 80.65625 80.65625]
  [79.53125 79.53125 79.53125]
  [79.25    79.25    79.25   ]]

 ...

 [[73.6875  73.6875  73.6875 ]
  [73.8125  73.8125  73.8125 ]
  [73.9375  73.9375  73.9375 ]
  ...
  [76.15625 76.15625 76.15625]
  [75.28125 75.28125 75.28125]
  [75.8125  75.8125  75.8125 ]]

 [[74.0625  74.0625  74.0625 ]
  [74.125   74.125   74.125  ]
  [73.21875 73.21875 73.21875]
  ...
  [75.1875  75.1875  75.1875 ]
  [75.84375 75.84375 75.84375]
  [75.65625 75.65625 75.65625]]

 [[74.25    74.25    74.25   ]
  [74.03125 74.03125 74.03125]
  [73.375   73.375   73.375  ]
  ...
  [75.4375  75.4375  75.4375 ]
  [75.40625 75.40625 75.40625]
  [75.65625 75.65625 75.65625]]]430,[[[95.22580645 95.22580645 95.22580645]
  [95.41935484 95.41935484 95.41935484]
  [94.96774194 94.96774194 94.96774194]
  ...
  [94.32258065 94.32258065 94.32258065]
  [94.25806452 94.25806452 94.25806452]
  [94.         94.         94.        ]]

 [[94.64516129 94.64516129 94.64516129]
  [94.29032258 94.29032258 94.29032258]
  [95.03225806 95.03225806 95.03225806]
  ...
  [95.22580645 95.22580645 95.22580645]
  [93.5483871  93.5483871  93.5483871 ]
  [94.80645161 94.80645161 94.80645161]]

 [[95.29032258 95.29032258 95.29032258]
  [93.32258065 93.32258065 93.32258065]
  [94.80645161 94.80645161 94.80645161]
  ...
  [95.06451613 95.06451613 95.06451613]
  [93.67741935 93.67741935 93.67741935]
  [93.51612903 93.51612903 93.51612903]]

 ...

 [[87.77419355 87.77419355 87.77419355]
  [87.67741935 87.67741935 87.67741935]
  [87.74193548 87.74193548 87.74193548]
  ...
  [89.4516129  89.4516129  89.4516129 ]
  [88.41935484 88.41935484 88.41935484]
  [89.61290323 89.61290323 89.61290323]]

 [[87.74193548 87.74193548 87.74193548]
  [87.58064516 87.58064516 87.58064516]
  [87.41935484 87.41935484 87.41935484]
  ...
  [88.67741935 88.67741935 88.67741935]
  [88.61290323 88.61290323 88.61290323]
  [89.58064516 89.58064516 89.58064516]]

 [[88.22580645 88.22580645 88.22580645]
  [88.         88.         88.        ]
  [87.96774194 87.96774194 87.96774194]
  ...
  [88.58064516 88.58064516 88.58064516]
  [88.48387097 88.48387097 88.48387097]
  [88.38709677 88.38709677 88.38709677]]]440,[[[103.22580645 103.22580645 103.22580645]
  [103.83870968 103.83870968 103.83870968]
  [103.80645161 103.80645161 103.80645161]
  ...
  [102.16129032 102.16129032 102.16129032]
  [102.         102.         102.        ]
  [101.51612903 101.51612903 101.51612903]]

 [[103.96774194 103.96774194 103.96774194]
  [103.29032258 103.29032258 103.29032258]
  [102.80645161 102.80645161 102.80645161]
  ...
  [103.32258065 103.32258065 103.32258065]
  [102.25806452 102.25806452 102.25806452]
  [103.38709677 103.38709677 103.38709677]]

 [[103.90322581 103.90322581 103.90322581]
  [102.51612903 102.51612903 102.51612903]
  [103.35483871 103.35483871 103.35483871]
  ...
  [103.22580645 103.22580645 103.22580645]
  [102.         102.         102.        ]
  [102.48387097 102.48387097 102.48387097]]

 ...

 [[ 97.03225806  97.03225806  97.03225806]
  [ 96.4516129   96.4516129   96.4516129 ]
  [ 96.51612903  96.51612903  96.51612903]
  ...
  [ 97.06451613  97.06451613  97.06451613]
  [ 96.58064516  96.58064516  96.58064516]
  [ 97.70967742  97.70967742  97.70967742]]

 [[ 96.41935484  96.41935484  96.41935484]
  [ 96.77419355  96.77419355  96.77419355]
  [ 95.38709677  95.38709677  95.38709677]
  ...
  [ 95.90322581  95.90322581  95.90322581]
  [ 96.25806452  96.25806452  96.25806452]
  [ 96.83870968  96.83870968  96.83870968]]

 [[ 97.64516129  97.64516129  97.64516129]
  [ 97.61290323  97.61290323  97.61290323]
  [ 96.03225806  96.03225806  96.03225806]
  ...
  [ 96.70967742  96.70967742  96.70967742]
  [ 95.96774194  95.96774194  95.96774194]
  [ 96.25806452  96.25806452  96.25806452]]]450,[[[115.06451613 115.06451613 115.06451613]
  [115.77419355 115.77419355 115.77419355]
  [115.93548387 115.93548387 115.93548387]
  ...
  [115.19354839 115.19354839 115.19354839]
  [114.5483871  114.5483871  114.5483871 ]
  [113.93548387 113.93548387 113.93548387]]

 [[115.35483871 115.35483871 115.35483871]
  [114.74193548 114.74193548 114.74193548]
  [115.12903226 115.12903226 115.12903226]
  ...
  [115.5483871  115.5483871  115.5483871 ]
  [114.09677419 114.09677419 114.09677419]
  [115.09677419 115.09677419 115.09677419]]

 [[115.74193548 115.74193548 115.74193548]
  [115.         115.         115.        ]
  [115.90322581 115.90322581 115.90322581]
  ...
  [115.29032258 115.29032258 115.29032258]
  [114.5483871  114.5483871  114.5483871 ]
  [113.93548387 113.93548387 113.93548387]]

 ...

 [[107.48387097 107.48387097 107.48387097]
  [107.70967742 107.70967742 107.70967742]
  [107.58064516 107.58064516 107.58064516]
  ...
  [108.70967742 108.70967742 108.70967742]
  [108.80645161 108.80645161 108.80645161]
  [109.61290323 109.61290323 109.61290323]]

 [[107.35483871 107.35483871 107.35483871]
  [107.61290323 107.61290323 107.61290323]
  [107.25806452 107.25806452 107.25806452]
  ...
  [108.48387097 108.48387097 108.48387097]
  [108.87096774 108.87096774 108.87096774]
  [109.5483871  109.5483871  109.5483871 ]]

 [[108.35483871 108.35483871 108.35483871]
  [108.35483871 108.35483871 108.35483871]
  [108.06451613 108.06451613 108.06451613]
  ...
  [108.90322581 108.90322581 108.90322581]
  [108.70967742 108.70967742 108.70967742]
  [108.51612903 108.51612903 108.51612903]]]460,[[[137.77419355 137.77419355 137.77419355]
  [137.80645161 137.80645161 137.80645161]
  [137.32258065 137.32258065 137.32258065]
  ...
  [136.35483871 136.35483871 136.35483871]
  [136.03225806 136.03225806 136.03225806]
  [135.67741935 135.67741935 135.67741935]]

 [[137.03225806 137.03225806 137.03225806]
  [136.74193548 136.74193548 136.74193548]
  [137.80645161 137.80645161 137.80645161]
  ...
  [138.06451613 138.06451613 138.06451613]
  [136.09677419 136.09677419 136.09677419]
  [137.16129032 137.16129032 137.16129032]]

 [[137.87096774 137.87096774 137.87096774]
  [136.03225806 136.03225806 136.03225806]
  [136.87096774 136.87096774 136.87096774]
  ...
  [136.5483871  136.5483871  136.5483871 ]
  [136.29032258 136.29032258 136.29032258]
  [136.06451613 136.06451613 136.06451613]]

 ...

 [[128.74193548 128.74193548 128.74193548]
  [127.5483871  127.5483871  127.5483871 ]
  [128.4516129  128.4516129  128.4516129 ]
  ...
  [127.77419355 127.77419355 127.77419355]
  [126.29032258 126.29032258 126.29032258]
  [128.09677419 128.09677419 128.09677419]]

 [[127.70967742 127.70967742 127.70967742]
  [128.90322581 128.90322581 128.90322581]
  [127.80645161 127.80645161 127.80645161]
  ...
  [126.87096774 126.87096774 126.87096774]
  [127.35483871 127.35483871 127.35483871]
  [127.64516129 127.64516129 127.64516129]]

 [[128.90322581 128.90322581 128.90322581]
  [129.06451613 129.06451613 129.06451613]
  [127.90322581 127.90322581 127.90322581]
  ...
  [127.         127.         127.        ]
  [126.87096774 126.87096774 126.87096774]
  [127.19354839 127.19354839 127.19354839]]]470,[[[157.25806452 157.25806452 157.25806452]
  [158.87096774 158.87096774 158.87096774]
  [157.93548387 157.93548387 157.93548387]
  ...
  [156.06451613 156.06451613 156.06451613]
  [155.58064516 155.58064516 155.58064516]
  [154.25806452 154.25806452 154.25806452]]

 [[158.03225806 158.03225806 158.03225806]
  [156.83870968 156.83870968 156.83870968]
  [157.4516129  157.4516129  157.4516129 ]
  ...
  [156.77419355 156.77419355 156.77419355]
  [155.12903226 155.12903226 155.12903226]
  [156.03225806 156.03225806 156.03225806]]

 [[158.32258065 158.32258065 158.32258065]
  [157.16129032 157.16129032 157.16129032]
  [157.96774194 157.96774194 157.96774194]
  ...
  [156.67741935 156.67741935 156.67741935]
  [155.77419355 155.77419355 155.77419355]
  [154.93548387 154.93548387 154.93548387]]

 ...

 [[148.12903226 148.12903226 148.12903226]
  [147.12903226 147.12903226 147.12903226]
  [147.67741935 147.67741935 147.67741935]
  ...
  [148.06451613 148.06451613 148.06451613]
  [147.67741935 147.67741935 147.67741935]
  [148.74193548 148.74193548 148.74193548]]

 [[148.29032258 148.29032258 148.29032258]
  [148.48387097 148.48387097 148.48387097]
  [147.5483871  147.5483871  147.5483871 ]
  ...
  [147.38709677 147.38709677 147.38709677]
  [147.61290323 147.61290323 147.61290323]
  [148.06451613 148.06451613 148.06451613]]

 [[149.35483871 149.35483871 149.35483871]
  [149.64516129 149.64516129 149.64516129]
  [147.38709677 147.38709677 147.38709677]
  ...
  [147.48387097 147.48387097 147.48387097]
  [147.64516129 147.64516129 147.64516129]
  [147.80645161 147.80645161 147.80645161]]]480,[[[177.48484848 177.48484848 177.48484848]
  [178.36363636 178.36363636 178.36363636]
  [177.87878788 177.87878788 177.87878788]
  ...
  [174.90909091 174.90909091 174.90909091]
  [174.90909091 174.90909091 174.90909091]
  [173.39393939 173.39393939 173.39393939]]

 [[177.78787879 177.78787879 177.78787879]
  [176.87878788 176.87878788 176.87878788]
  [178.36363636 178.36363636 178.36363636]
  ...
  [176.87878788 176.87878788 176.87878788]
  [173.72727273 173.72727273 173.72727273]
  [175.66666667 175.66666667 175.66666667]]

 [[178.87878788 178.87878788 178.87878788]
  [177.72727273 177.72727273 177.72727273]
  [177.36363636 177.36363636 177.36363636]
  ...
  [175.39393939 175.39393939 175.39393939]
  [174.93939394 174.93939394 174.93939394]
  [173.57575758 173.57575758 173.57575758]]

 ...

 [[166.15151515 166.15151515 166.15151515]
  [165.27272727 165.27272727 165.27272727]
  [166.12121212 166.12121212 166.12121212]
  ...
  [163.96969697 163.96969697 163.96969697]
  [162.36363636 162.36363636 162.36363636]
  [164.12121212 164.12121212 164.12121212]]

 [[164.90909091 164.90909091 164.90909091]
  [166.87878788 166.87878788 166.87878788]
  [165.72727273 165.72727273 165.72727273]
  ...
  [162.72727273 162.72727273 162.72727273]
  [162.96969697 162.96969697 162.96969697]
  [163.66666667 163.66666667 163.66666667]]

 [[167.03030303 167.03030303 167.03030303]
  [166.81818182 166.81818182 166.81818182]
  [165.72727273 165.72727273 165.72727273]
  ...
  [163.03030303 163.03030303 163.03030303]
  [163.3030303  163.3030303  163.3030303 ]
  [162.75757576 162.75757576 162.75757576]]]490,[[[192.06451613 192.06451613 192.06451613]
  [192.5483871  192.5483871  192.5483871 ]
  [192.12903226 192.12903226 192.12903226]
  ...
  [188.09677419 188.09677419 188.09677419]
  [187.         187.         187.        ]
  [185.64516129 185.64516129 185.64516129]]

 [[192.25806452 192.25806452 192.25806452]
  [190.35483871 190.35483871 190.35483871]
  [192.38709677 192.38709677 192.38709677]
  ...
  [188.64516129 188.64516129 188.64516129]
  [186.22580645 186.22580645 186.22580645]
  [187.29032258 187.29032258 187.29032258]]

 [[192.77419355 192.77419355 192.77419355]
  [190.80645161 190.80645161 190.80645161]
  [191.80645161 191.80645161 191.80645161]
  ...
  [188.51612903 188.51612903 188.51612903]
  [186.4516129  186.4516129  186.4516129 ]
  [186.64516129 186.64516129 186.64516129]]

 ...

 [[180.74193548 180.74193548 180.74193548]
  [179.38709677 179.38709677 179.38709677]
  [179.90322581 179.90322581 179.90322581]
  ...
  [177.5483871  177.5483871  177.5483871 ]
  [177.19354839 177.19354839 177.19354839]
  [179.16129032 179.16129032 179.16129032]]

 [[180.         180.         180.        ]
  [181.06451613 181.06451613 181.06451613]
  [179.41935484 179.41935484 179.41935484]
  ...
  [176.90322581 176.90322581 176.90322581]
  [177.93548387 177.93548387 177.93548387]
  [179.19354839 179.19354839 179.19354839]]

 [[181.16129032 181.16129032 181.16129032]
  [180.58064516 180.58064516 180.58064516]
  [180.19354839 180.19354839 180.19354839]
  ...
  [177.80645161 177.80645161 177.80645161]
  [176.67741935 176.67741935 176.67741935]
  [177.35483871 177.35483871 177.35483871]]]500,[[[206.75    206.75    206.75   ]
  [207.1875  207.1875  207.1875 ]
  [207.21875 207.21875 207.21875]
  ...
  [201.15625 201.15625 201.15625]
  [202.125   202.125   202.125  ]
  [200.125   200.125   200.125  ]]

 [[206.46875 206.46875 206.46875]
  [205.40625 205.40625 205.40625]
  [206.28125 206.28125 206.28125]
  ...
  [202.0625  202.0625  202.0625 ]
  [200.96875 200.96875 200.96875]
  [201.84375 201.84375 201.84375]]

 [[206.78125 206.78125 206.78125]
  [205.875   205.875   205.875  ]
  [206.0625  206.0625  206.0625 ]
  ...
  [202.125   202.125   202.125  ]
  [200.71875 200.71875 200.71875]
  [200.46875 200.46875 200.46875]]

 ...

 [[193.625   193.625   193.625  ]
  [193.03125 193.03125 193.03125]
  [193.4375  193.4375  193.4375 ]
  ...
  [188.71875 188.71875 188.71875]
  [187.0625  187.0625  187.0625 ]
  [188.96875 188.96875 188.96875]]

 [[193.      193.      193.     ]
  [194.0625  194.0625  194.0625 ]
  [192.78125 192.78125 192.78125]
  ...
  [187.21875 187.21875 187.21875]
  [188.40625 188.40625 188.40625]
  [189.15625 189.15625 189.15625]]

 [[195.5     195.5     195.5    ]
  [194.9375  194.9375  194.9375 ]
  [193.59375 193.59375 193.59375]
  ...
  [187.75    187.75    187.75   ]
  [187.90625 187.90625 187.90625]
  [187.34375 187.34375 187.34375]]]510,[[[214.87096774 214.87096774 214.87096774]
  [214.16129032 214.16129032 214.16129032]
  [214.29032258 214.29032258 214.29032258]
  ...
  [208.35483871 208.35483871 208.35483871]
  [208.93548387 208.93548387 208.93548387]
  [207.70967742 207.70967742 207.70967742]]

 [[214.67741935 214.67741935 214.67741935]
  [212.77419355 212.77419355 212.77419355]
  [213.29032258 213.29032258 213.29032258]
  ...
  [209.64516129 209.64516129 209.64516129]
  [207.70967742 207.70967742 207.70967742]
  [208.96774194 208.96774194 208.96774194]]

 [[214.32258065 214.32258065 214.32258065]
  [212.67741935 212.67741935 212.67741935]
  [213.67741935 213.67741935 213.67741935]
  ...
  [208.77419355 208.77419355 208.77419355]
  [207.5483871  207.5483871  207.5483871 ]
  [207.25806452 207.25806452 207.25806452]]

 ...

 [[200.51612903 200.51612903 200.51612903]
  [200.51612903 200.51612903 200.51612903]
  [200.35483871 200.35483871 200.35483871]
  ...
  [197.58064516 197.58064516 197.58064516]
  [196.32258065 196.32258065 196.32258065]
  [198.87096774 198.87096774 198.87096774]]

 [[199.83870968 199.83870968 199.83870968]
  [200.5483871  200.5483871  200.5483871 ]
  [198.48387097 198.48387097 198.48387097]
  ...
  [195.96774194 195.96774194 195.96774194]
  [197.77419355 197.77419355 197.77419355]
  [198.         198.         198.        ]]

 [[202.74193548 202.74193548 202.74193548]
  [202.80645161 202.80645161 202.80645161]
  [201.4516129  201.4516129  201.4516129 ]
  ...
  [196.12903226 196.12903226 196.12903226]
  [196.74193548 196.74193548 196.74193548]
  [196.90322581 196.90322581 196.90322581]]]520,[[[222.12903226 222.12903226 222.12903226]
  [222.38709677 222.38709677 222.38709677]
  [222.29032258 222.29032258 222.29032258]
  ...
  [216.96774194 216.96774194 216.96774194]
  [216.64516129 216.64516129 216.64516129]
  [214.96774194 214.96774194 214.96774194]]

 [[222.4516129  222.4516129  222.4516129 ]
  [221.67741935 221.67741935 221.67741935]
  [222.         222.         222.        ]
  ...
  [217.93548387 217.93548387 217.93548387]
  [215.29032258 215.29032258 215.29032258]
  [217.19354839 217.19354839 217.19354839]]

 [[222.51612903 222.51612903 222.51612903]
  [221.64516129 221.64516129 221.64516129]
  [222.35483871 222.35483871 222.35483871]
  ...
  [217.61290323 217.61290323 217.61290323]
  [216.41935484 216.41935484 216.41935484]
  [216.25806452 216.25806452 216.25806452]]

 ...

 [[209.70967742 209.70967742 209.70967742]
  [209.58064516 209.58064516 209.58064516]
  [209.09677419 209.09677419 209.09677419]
  ...
  [204.35483871 204.35483871 204.35483871]
  [204.09677419 204.09677419 204.09677419]
  [205.5483871  205.5483871  205.5483871 ]]

 [[208.03225806 208.03225806 208.03225806]
  [209.35483871 209.35483871 209.35483871]
  [208.03225806 208.03225806 208.03225806]
  ...
  [202.80645161 202.80645161 202.80645161]
  [204.41935484 204.41935484 204.41935484]
  [204.83870968 204.83870968 204.83870968]]

 [[211.41935484 211.41935484 211.41935484]
  [211.35483871 211.35483871 211.35483871]
  [209.58064516 209.58064516 209.58064516]
  ...
  [203.74193548 203.74193548 203.74193548]
  [203.4516129  203.4516129  203.4516129 ]
  [203.5483871  203.5483871  203.5483871 ]]]530,[[[226.5     226.5     226.5    ]
  [226.3125  226.3125  226.3125 ]
  [226.65625 226.65625 226.65625]
  ...
  [220.75    220.75    220.75   ]
  [221.0625  221.0625  221.0625 ]
  [219.96875 219.96875 219.96875]]

 [[226.625   226.625   226.625  ]
  [225.9375  225.9375  225.9375 ]
  [226.1875  226.1875  226.1875 ]
  ...
  [221.65625 221.65625 221.65625]
  [219.90625 219.90625 219.90625]
  [221.15625 221.15625 221.15625]]

 [[227.15625 227.15625 227.15625]
  [225.53125 225.53125 225.53125]
  [225.46875 225.46875 225.46875]
  ...
  [221.15625 221.15625 221.15625]
  [220.      220.      220.     ]
  [218.9375  218.9375  218.9375 ]]

 ...

 [[210.9375  210.9375  210.9375 ]
  [210.875   210.875   210.875  ]
  [210.4375  210.4375  210.4375 ]
  ...
  [206.03125 206.03125 206.03125]
  [204.53125 204.53125 204.53125]
  [208.09375 208.09375 208.09375]]

 [[210.8125  210.8125  210.8125 ]
  [212.03125 212.03125 212.03125]
  [210.125   210.125   210.125  ]
  ...
  [204.4375  204.4375  204.4375 ]
  [205.9375  205.9375  205.9375 ]
  [206.59375 206.59375 206.59375]]

 [[213.4375  213.4375  213.4375 ]
  [212.9375  212.9375  212.9375 ]
  [211.34375 211.34375 211.34375]
  ...
  [206.15625 206.15625 206.15625]
  [205.78125 205.78125 205.78125]
  [205.8125  205.8125  205.8125 ]]]540,[[[228.41935484 228.41935484 228.41935484]
  [227.32258065 227.32258065 227.32258065]
  [228.12903226 228.12903226 228.12903226]
  ...
  [222.22580645 222.22580645 222.22580645]
  [222.12903226 222.12903226 222.12903226]
  [222.35483871 222.35483871 222.35483871]]

 [[228.09677419 228.09677419 228.09677419]
  [227.51612903 227.51612903 227.51612903]
  [228.29032258 228.29032258 228.29032258]
  ...
  [223.38709677 223.38709677 223.38709677]
  [221.64516129 221.64516129 221.64516129]
  [223.32258065 223.32258065 223.32258065]]

 [[229.70967742 229.70967742 229.70967742]
  [227.16129032 227.16129032 227.16129032]
  [228.70967742 228.70967742 228.70967742]
  ...
  [224.25806452 224.25806452 224.25806452]
  [222.22580645 222.22580645 222.22580645]
  [222.06451613 222.06451613 222.06451613]]

 ...

 [[215.38709677 215.38709677 215.38709677]
  [213.58064516 213.58064516 213.58064516]
  [213.93548387 213.93548387 213.93548387]
  ...
  [211.64516129 211.64516129 211.64516129]
  [209.67741935 209.67741935 209.67741935]
  [212.22580645 212.22580645 212.22580645]]

 [[214.41935484 214.41935484 214.41935484]
  [215.58064516 215.58064516 215.58064516]
  [213.22580645 213.22580645 213.22580645]
  ...
  [209.80645161 209.80645161 209.80645161]
  [211.83870968 211.83870968 211.83870968]
  [211.64516129 211.64516129 211.64516129]]

 [[217.90322581 217.90322581 217.90322581]
  [215.64516129 215.64516129 215.64516129]
  [214.48387097 214.48387097 214.48387097]
  ...
  [211.03225806 211.03225806 211.03225806]
  [210.48387097 210.48387097 210.48387097]
  [211.25806452 211.25806452 211.25806452]]]550,[[[229.70967742 229.70967742 229.70967742]
  [229.74193548 229.74193548 229.74193548]
  [230.16129032 230.16129032 230.16129032]
  ...
  [224.90322581 224.90322581 224.90322581]
  [225.29032258 225.29032258 225.29032258]
  [224.29032258 224.29032258 224.29032258]]

 [[229.96774194 229.96774194 229.96774194]
  [229.22580645 229.22580645 229.22580645]
  [230.03225806 230.03225806 230.03225806]
  ...
  [226.58064516 226.58064516 226.58064516]
  [224.25806452 224.25806452 224.25806452]
  [225.83870968 225.83870968 225.83870968]]

 [[230.58064516 230.58064516 230.58064516]
  [229.38709677 229.38709677 229.38709677]
  [230.48387097 230.48387097 230.48387097]
  ...
  [226.12903226 226.12903226 226.12903226]
  [224.74193548 224.74193548 224.74193548]
  [224.67741935 224.67741935 224.67741935]]

 ...

 [[215.51612903 215.51612903 215.51612903]
  [214.77419355 214.77419355 214.77419355]
  [215.06451613 215.06451613 215.06451613]
  ...
  [211.03225806 211.03225806 211.03225806]
  [209.03225806 209.03225806 209.03225806]
  [212.06451613 212.06451613 212.06451613]]

 [[213.87096774 213.87096774 213.87096774]
  [216.         216.         216.        ]
  [214.22580645 214.22580645 214.22580645]
  ...
  [208.90322581 208.90322581 208.90322581]
  [210.19354839 210.19354839 210.19354839]
  [210.93548387 210.93548387 210.93548387]]

 [[218.03225806 218.03225806 218.03225806]
  [216.67741935 216.67741935 216.67741935]
  [215.32258065 215.32258065 215.32258065]
  ...
  [210.16129032 210.16129032 210.16129032]
  [209.96774194 209.96774194 209.96774194]
  [209.06451613 209.06451613 209.06451613]]]560,[[[227.87096774 227.87096774 227.87096774]
  [227.80645161 227.80645161 227.80645161]
  [228.64516129 228.64516129 228.64516129]
  ...
  [222.03225806 222.03225806 222.03225806]
  [222.19354839 222.19354839 222.19354839]
  [221.09677419 221.09677419 221.09677419]]

 [[226.38709677 226.38709677 226.38709677]
  [226.61290323 226.61290323 226.61290323]
  [227.96774194 227.96774194 227.96774194]
  ...
  [222.61290323 222.61290323 222.61290323]
  [220.90322581 220.90322581 220.90322581]
  [223.38709677 223.38709677 223.38709677]]

 [[228.87096774 228.87096774 228.87096774]
  [226.4516129  226.4516129  226.4516129 ]
  [227.03225806 227.03225806 227.03225806]
  ...
  [222.83870968 222.83870968 222.83870968]
  [221.87096774 221.87096774 221.87096774]
  [221.51612903 221.51612903 221.51612903]]

 ...

 [[211.93548387 211.93548387 211.93548387]
  [210.96774194 210.96774194 210.96774194]
  [211.16129032 211.16129032 211.16129032]
  ...
  [208.87096774 208.87096774 208.87096774]
  [208.19354839 208.19354839 208.19354839]
  [210.03225806 210.03225806 210.03225806]]

 [[211.32258065 211.32258065 211.32258065]
  [213.19354839 213.19354839 213.19354839]
  [211.         211.         211.        ]
  ...
  [206.74193548 206.74193548 206.74193548]
  [208.83870968 208.83870968 208.83870968]
  [209.77419355 209.77419355 209.77419355]]

 [[213.64516129 213.64516129 213.64516129]
  [213.96774194 213.96774194 213.96774194]
  [212.16129032 212.16129032 212.16129032]
  ...
  [208.48387097 208.48387097 208.48387097]
  [207.96774194 207.96774194 207.96774194]
  [208.16129032 208.16129032 208.16129032]]]570,[[[225.41935484 225.41935484 225.41935484]
  [224.74193548 224.74193548 224.74193548]
  [226.74193548 226.74193548 226.74193548]
  ...
  [220.09677419 220.09677419 220.09677419]
  [220.87096774 220.87096774 220.87096774]
  [220.48387097 220.48387097 220.48387097]]

 [[225.16129032 225.16129032 225.16129032]
  [224.58064516 224.58064516 224.58064516]
  [226.09677419 226.09677419 226.09677419]
  ...
  [220.64516129 220.64516129 220.64516129]
  [219.48387097 219.48387097 219.48387097]
  [221.87096774 221.87096774 221.87096774]]

 [[227.19354839 227.19354839 227.19354839]
  [225.32258065 225.32258065 225.32258065]
  [226.74193548 226.74193548 226.74193548]
  ...
  [222.22580645 222.22580645 222.22580645]
  [221.16129032 221.16129032 221.16129032]
  [219.5483871  219.5483871  219.5483871 ]]

 ...

 [[210.22580645 210.22580645 210.22580645]
  [210.25806452 210.25806452 210.25806452]
  [210.96774194 210.96774194 210.96774194]
  ...
  [208.25806452 208.25806452 208.25806452]
  [207.         207.         207.        ]
  [209.32258065 209.32258065 209.32258065]]

 [[210.12903226 210.12903226 210.12903226]
  [211.87096774 211.87096774 211.87096774]
  [210.29032258 210.29032258 210.29032258]
  ...
  [205.77419355 205.77419355 205.77419355]
  [207.74193548 207.74193548 207.74193548]
  [208.06451613 208.06451613 208.06451613]]

 [[213.70967742 213.70967742 213.70967742]
  [212.41935484 212.41935484 212.41935484]
  [210.4516129  210.4516129  210.4516129 ]
  ...
  [207.51612903 207.51612903 207.51612903]
  [206.80645161 206.80645161 206.80645161]
  [207.58064516 207.58064516 207.58064516]]]580,[[[221.78125 221.78125 221.78125]
  [221.40625 221.40625 221.40625]
  [222.53125 222.53125 222.53125]
  ...
  [217.0625  217.0625  217.0625 ]
  [217.40625 217.40625 217.40625]
  [216.0625  216.0625  216.0625 ]]

 [[222.03125 222.03125 222.03125]
  [221.5625  221.5625  221.5625 ]
  [222.28125 222.28125 222.28125]
  ...
  [217.90625 217.90625 217.90625]
  [216.90625 216.90625 216.90625]
  [217.625   217.625   217.625  ]]

 [[223.1875  223.1875  223.1875 ]
  [221.53125 221.53125 221.53125]
  [222.1875  222.1875  222.1875 ]
  ...
  [217.75    217.75    217.75   ]
  [217.53125 217.53125 217.53125]
  [216.46875 216.46875 216.46875]]

 ...

 [[206.      206.      206.     ]
  [205.34375 205.34375 205.34375]
  [205.28125 205.28125 205.28125]
  ...
  [203.34375 203.34375 203.34375]
  [201.71875 201.71875 201.71875]
  [203.46875 203.46875 203.46875]]

 [[205.65625 205.65625 205.65625]
  [206.84375 206.84375 206.84375]
  [204.90625 204.90625 204.90625]
  ...
  [201.34375 201.34375 201.34375]
  [202.25    202.25    202.25   ]
  [202.28125 202.28125 202.28125]]

 [[207.53125 207.53125 207.53125]
  [207.78125 207.78125 207.78125]
  [205.25    205.25    205.25   ]
  ...
  [202.40625 202.40625 202.40625]
  [202.125   202.125   202.125  ]
  [201.34375 201.34375 201.34375]]]590,[[[215.25806452 215.25806452 215.25806452]
  [213.93548387 213.93548387 213.93548387]
  [215.80645161 215.80645161 215.80645161]
  ...
  [210.83870968 210.83870968 210.83870968]
  [210.48387097 210.48387097 210.48387097]
  [209.70967742 209.70967742 209.70967742]]

 [[215.61290323 215.61290323 215.61290323]
  [213.96774194 213.96774194 213.96774194]
  [215.70967742 215.70967742 215.70967742]
  ...
  [210.09677419 210.09677419 210.09677419]
  [209.87096774 209.87096774 209.87096774]
  [209.90322581 209.90322581 209.90322581]]

 [[217.35483871 217.35483871 217.35483871]
  [214.09677419 214.09677419 214.09677419]
  [214.93548387 214.93548387 214.93548387]
  ...
  [210.51612903 210.51612903 210.51612903]
  [209.83870968 209.83870968 209.83870968]
  [209.35483871 209.35483871 209.35483871]]

 ...

 [[199.64516129 199.64516129 199.64516129]
  [198.38709677 198.38709677 198.38709677]
  [198.51612903 198.51612903 198.51612903]
  ...
  [196.80645161 196.80645161 196.80645161]
  [195.22580645 195.22580645 195.22580645]
  [198.16129032 198.16129032 198.16129032]]

 [[198.51612903 198.51612903 198.51612903]
  [199.70967742 199.70967742 199.70967742]
  [198.35483871 198.35483871 198.35483871]
  ...
  [195.03225806 195.03225806 195.03225806]
  [196.61290323 196.61290323 196.61290323]
  [197.70967742 197.70967742 197.70967742]]

 [[201.12903226 201.12903226 201.12903226]
  [200.22580645 200.22580645 200.22580645]
  [198.96774194 198.96774194 198.96774194]
  ...
  [196.51612903 196.51612903 196.51612903]
  [196.19354839 196.19354839 196.19354839]
  [195.64516129 195.64516129 195.64516129]]]600,[[[208.77419355 208.77419355 208.77419355]
  [208.29032258 208.29032258 208.29032258]
  [209.22580645 209.22580645 209.22580645]
  ...
  [203.87096774 203.87096774 203.87096774]
  [204.16129032 204.16129032 204.16129032]
  [202.93548387 202.93548387 202.93548387]]

 [[208.         208.         208.        ]
  [207.16129032 207.16129032 207.16129032]
  [208.77419355 208.77419355 208.77419355]
  ...
  [204.87096774 204.87096774 204.87096774]
  [202.29032258 202.29032258 202.29032258]
  [204.         204.         204.        ]]

 [[209.80645161 209.80645161 209.80645161]
  [208.06451613 208.06451613 208.06451613]
  [208.06451613 208.06451613 208.06451613]
  ...
  [204.80645161 204.80645161 204.80645161]
  [203.41935484 203.41935484 203.41935484]
  [202.93548387 202.93548387 202.93548387]]

 ...

 [[193.51612903 193.51612903 193.51612903]
  [194.09677419 194.09677419 194.09677419]
  [193.35483871 193.35483871 193.35483871]
  ...
  [190.51612903 190.51612903 190.51612903]
  [191.03225806 191.03225806 191.03225806]
  [192.61290323 192.61290323 192.61290323]]

 [[192.38709677 192.38709677 192.38709677]
  [194.90322581 194.90322581 194.90322581]
  [192.93548387 192.93548387 192.93548387]
  ...
  [189.61290323 189.61290323 189.61290323]
  [190.61290323 190.61290323 190.61290323]
  [191.35483871 191.35483871 191.35483871]]

 [[195.61290323 195.61290323 195.61290323]
  [195.         195.         195.        ]
  [193.77419355 193.77419355 193.77419355]
  ...
  [190.58064516 190.58064516 190.58064516]
  [190.77419355 190.77419355 190.77419355]
  [190.41935484 190.41935484 190.41935484]]]610,[[[200.90322581 200.90322581 200.90322581]
  [201.41935484 201.41935484 201.41935484]
  [202.19354839 202.19354839 202.19354839]
  ...
  [197.25806452 197.25806452 197.25806452]
  [197.93548387 197.93548387 197.93548387]
  [196.51612903 196.51612903 196.51612903]]

 [[201.38709677 201.38709677 201.38709677]
  [200.77419355 200.77419355 200.77419355]
  [201.16129032 201.16129032 201.16129032]
  ...
  [197.48387097 197.48387097 197.48387097]
  [196.51612903 196.51612903 196.51612903]
  [197.51612903 197.51612903 197.51612903]]

 [[202.48387097 202.48387097 202.48387097]
  [201.25806452 201.25806452 201.25806452]
  [201.64516129 201.64516129 201.64516129]
  ...
  [197.90322581 197.90322581 197.90322581]
  [196.87096774 196.87096774 196.87096774]
  [196.51612903 196.51612903 196.51612903]]

 ...

 [[187.38709677 187.38709677 187.38709677]
  [187.19354839 187.19354839 187.19354839]
  [186.5483871  186.5483871  186.5483871 ]
  ...
  [183.80645161 183.80645161 183.80645161]
  [182.19354839 182.19354839 182.19354839]
  [184.29032258 184.29032258 184.29032258]]

 [[186.12903226 186.12903226 186.12903226]
  [187.06451613 187.06451613 187.06451613]
  [186.74193548 186.74193548 186.74193548]
  ...
  [181.87096774 181.87096774 181.87096774]
  [183.35483871 183.35483871 183.35483871]
  [183.29032258 183.29032258 183.29032258]]

 [[189.         189.         189.        ]
  [188.41935484 188.41935484 188.41935484]
  [186.83870968 186.83870968 186.83870968]
  ...
  [183.16129032 183.16129032 183.16129032]
  [182.87096774 182.87096774 182.87096774]
  [182.5483871  182.5483871  182.5483871 ]]]620,[[[191.9375  191.9375  191.9375 ]
  [191.84375 191.84375 191.84375]
  [192.53125 192.53125 192.53125]
  ...
  [187.3125  187.3125  187.3125 ]
  [187.65625 187.65625 187.65625]
  [186.78125 186.78125 186.78125]]

 [[191.875   191.875   191.875  ]
  [191.625   191.625   191.625  ]
  [192.21875 192.21875 192.21875]
  ...
  [187.9375  187.9375  187.9375 ]
  [187.03125 187.03125 187.03125]
  [188.5     188.5     188.5    ]]

 [[192.5     192.5     192.5    ]
  [191.59375 191.59375 191.59375]
  [192.25    192.25    192.25   ]
  ...
  [188.40625 188.40625 188.40625]
  [187.15625 187.15625 187.15625]
  [187.28125 187.28125 187.28125]]

 ...

 [[178.9375  178.9375  178.9375 ]
  [177.90625 177.90625 177.90625]
  [178.125   178.125   178.125  ]
  ...
  [175.5     175.5     175.5    ]
  [174.46875 174.46875 174.46875]
  [176.71875 176.71875 176.71875]]

 [[177.03125 177.03125 177.03125]
  [178.625   178.625   178.625  ]
  [177.3125  177.3125  177.3125 ]
  ...
  [173.90625 173.90625 173.90625]
  [174.75    174.75    174.75   ]
  [176.0625  176.0625  176.0625 ]]

 [[179.40625 179.40625 179.40625]
  [179.0625  179.0625  179.0625 ]
  [177.75    177.75    177.75   ]
  ...
  [174.46875 174.46875 174.46875]
  [175.09375 175.09375 175.09375]
  [174.3125  174.3125  174.3125 ]]]630,[[[184.09677419 184.09677419 184.09677419]
  [183.80645161 183.80645161 183.80645161]
  [185.22580645 185.22580645 185.22580645]
  ...
  [179.22580645 179.22580645 179.22580645]
  [179.70967742 179.70967742 179.70967742]
  [177.80645161 177.80645161 177.80645161]]

 [[184.77419355 184.77419355 184.77419355]
  [184.29032258 184.29032258 184.29032258]
  [184.38709677 184.38709677 184.38709677]
  ...
  [180.         180.         180.        ]
  [178.96774194 178.96774194 178.96774194]
  [179.77419355 179.77419355 179.77419355]]

 [[184.61290323 184.61290323 184.61290323]
  [183.67741935 183.67741935 183.67741935]
  [184.32258065 184.32258065 184.32258065]
  ...
  [180.38709677 180.38709677 180.38709677]
  [179.35483871 179.35483871 179.35483871]
  [178.90322581 178.90322581 178.90322581]]

 ...

 [[171.80645161 171.80645161 171.80645161]
  [171.38709677 171.38709677 171.38709677]
  [171.03225806 171.03225806 171.03225806]
  ...
  [169.19354839 169.19354839 169.19354839]
  [169.16129032 169.16129032 169.16129032]
  [170.67741935 170.67741935 170.67741935]]

 [[171.19354839 171.19354839 171.19354839]
  [172.32258065 172.32258065 172.32258065]
  [170.51612903 170.51612903 170.51612903]
  ...
  [168.03225806 168.03225806 168.03225806]
  [169.4516129  169.4516129  169.4516129 ]
  [170.25806452 170.25806452 170.25806452]]

 [[173.48387097 173.48387097 173.48387097]
  [173.06451613 173.06451613 173.06451613]
  [170.90322581 170.90322581 170.90322581]
  ...
  [169.12903226 169.12903226 169.12903226]
  [168.32258065 168.32258065 168.32258065]
  [168.83870968 168.83870968 168.83870968]]]640,[[[175.77419355 175.77419355 175.77419355]
  [175.38709677 175.38709677 175.38709677]
  [175.58064516 175.58064516 175.58064516]
  ...
  [170.58064516 170.58064516 170.58064516]
  [171.09677419 171.09677419 171.09677419]
  [169.90322581 169.90322581 169.90322581]]

 [[175.67741935 175.67741935 175.67741935]
  [175.35483871 175.35483871 175.35483871]
  [175.74193548 175.74193548 175.74193548]
  ...
  [171.51612903 171.51612903 171.51612903]
  [170.58064516 170.58064516 170.58064516]
  [171.5483871  171.5483871  171.5483871 ]]

 [[176.58064516 176.58064516 176.58064516]
  [174.61290323 174.61290323 174.61290323]
  [175.29032258 175.29032258 175.29032258]
  ...
  [171.51612903 171.51612903 171.51612903]
  [170.32258065 170.32258065 170.32258065]
  [170.41935484 170.41935484 170.41935484]]

 ...

 [[162.61290323 162.61290323 162.61290323]
  [163.32258065 163.32258065 163.32258065]
  [163.25806452 163.25806452 163.25806452]
  ...
  [159.67741935 159.67741935 159.67741935]
  [159.64516129 159.64516129 159.64516129]
  [161.51612903 161.51612903 161.51612903]]

 [[162.74193548 162.74193548 162.74193548]
  [163.4516129  163.4516129  163.4516129 ]
  [161.87096774 161.87096774 161.87096774]
  ...
  [159.03225806 159.03225806 159.03225806]
  [160.25806452 160.25806452 160.25806452]
  [161.29032258 161.29032258 161.29032258]]

 [[164.80645161 164.80645161 164.80645161]
  [164.58064516 164.58064516 164.58064516]
  [162.61290323 162.61290323 162.61290323]
  ...
  [159.48387097 159.48387097 159.48387097]
  [160.19354839 160.19354839 160.19354839]
  [160.32258065 160.32258065 160.32258065]]]650,[[[165.35483871 165.35483871 165.35483871]
  [164.32258065 164.32258065 164.32258065]
  [165.12903226 165.12903226 165.12903226]
  ...
  [160.64516129 160.64516129 160.64516129]
  [161.12903226 161.12903226 161.12903226]
  [160.16129032 160.16129032 160.16129032]]

 [[164.87096774 164.87096774 164.87096774]
  [164.5483871  164.5483871  164.5483871 ]
  [164.80645161 164.80645161 164.80645161]
  ...
  [161.22580645 161.22580645 161.22580645]
  [159.77419355 159.77419355 159.77419355]
  [161.03225806 161.03225806 161.03225806]]

 [[164.80645161 164.80645161 164.80645161]
  [164.03225806 164.03225806 164.03225806]
  [164.64516129 164.64516129 164.64516129]
  ...
  [161.09677419 161.09677419 161.09677419]
  [160.19354839 160.19354839 160.19354839]
  [159.77419355 159.77419355 159.77419355]]

 ...

 [[152.70967742 152.70967742 152.70967742]
  [152.03225806 152.03225806 152.03225806]
  [152.35483871 152.35483871 152.35483871]
  ...
  [149.74193548 149.74193548 149.74193548]
  [149.25806452 149.25806452 149.25806452]
  [150.93548387 150.93548387 150.93548387]]

 [[152.38709677 152.38709677 152.38709677]
  [153.29032258 153.29032258 153.29032258]
  [151.64516129 151.64516129 151.64516129]
  ...
  [149.16129032 149.16129032 149.16129032]
  [149.80645161 149.80645161 149.80645161]
  [150.87096774 150.87096774 150.87096774]]

 [[153.93548387 153.93548387 153.93548387]
  [153.58064516 153.58064516 153.58064516]
  [152.87096774 152.87096774 152.87096774]
  ...
  [149.38709677 149.38709677 149.38709677]
  [149.22580645 149.22580645 149.22580645]
  [150.32258065 150.32258065 150.32258065]]]660,[[[155.32258065 155.32258065 155.32258065]
  [154.67741935 154.67741935 154.67741935]
  [154.77419355 154.77419355 154.77419355]
  ...
  [151.58064516 151.58064516 151.58064516]
  [152.16129032 152.16129032 152.16129032]
  [150.83870968 150.83870968 150.83870968]]

 [[154.77419355 154.77419355 154.77419355]
  [154.61290323 154.61290323 154.61290323]
  [154.70967742 154.70967742 154.70967742]
  ...
  [152.29032258 152.29032258 152.29032258]
  [150.93548387 150.93548387 150.93548387]
  [151.48387097 151.48387097 151.48387097]]

 [[154.77419355 154.77419355 154.77419355]
  [154.06451613 154.06451613 154.06451613]
  [154.4516129  154.4516129  154.4516129 ]
  ...
  [151.87096774 151.87096774 151.87096774]
  [150.70967742 150.70967742 150.70967742]
  [151.22580645 151.22580645 151.22580645]]

 ...

 [[143.19354839 143.19354839 143.19354839]
  [142.58064516 142.58064516 142.58064516]
  [143.06451613 143.06451613 143.06451613]
  ...
  [141.5483871  141.5483871  141.5483871 ]
  [141.4516129  141.4516129  141.4516129 ]
  [143.03225806 143.03225806 143.03225806]]

 [[141.74193548 141.74193548 141.74193548]
  [143.22580645 143.22580645 143.22580645]
  [141.93548387 141.93548387 141.93548387]
  ...
  [140.51612903 140.51612903 140.51612903]
  [141.90322581 141.90322581 141.90322581]
  [141.93548387 141.93548387 141.93548387]]

 [[144.93548387 144.93548387 144.93548387]
  [143.64516129 143.64516129 143.64516129]
  [143.58064516 143.58064516 143.58064516]
  ...
  [141.06451613 141.06451613 141.06451613]
  [141.32258065 141.32258065 141.32258065]
  [141.58064516 141.58064516 141.58064516]]]670,[[[146.90625 146.90625 146.90625]
  [145.625   145.625   145.625  ]
  [146.8125  146.8125  146.8125 ]
  ...
  [143.      143.      143.     ]
  [143.78125 143.78125 143.78125]
  [142.59375 142.59375 142.59375]]

 [[146.46875 146.46875 146.46875]
  [146.03125 146.03125 146.03125]
  [146.65625 146.65625 146.65625]
  ...
  [143.75    143.75    143.75   ]
  [142.90625 142.90625 142.90625]
  [144.5     144.5     144.5    ]]

 [[146.84375 146.84375 146.84375]
  [145.84375 145.84375 145.84375]
  [146.28125 146.28125 146.28125]
  ...
  [143.875   143.875   143.875  ]
  [143.125   143.125   143.125  ]
  [142.84375 142.84375 142.84375]]

 ...

 [[136.0625  136.0625  136.0625 ]
  [135.46875 135.46875 135.46875]
  [135.71875 135.71875 135.71875]
  ...
  [134.625   134.625   134.625  ]
  [134.28125 134.28125 134.28125]
  [135.9375  135.9375  135.9375 ]]

 [[135.78125 135.78125 135.78125]
  [136.4375  136.4375  136.4375 ]
  [135.09375 135.09375 135.09375]
  ...
  [134.3125  134.3125  134.3125 ]
  [134.4375  134.4375  134.4375 ]
  [135.34375 135.34375 135.34375]]

 [[138.15625 138.15625 138.15625]
  [136.875   136.875   136.875  ]
  [136.125   136.125   136.125  ]
  ...
  [134.40625 134.40625 134.40625]
  [135.1875  135.1875  135.1875 ]
  [135.      135.      135.     ]]]680,[[[137.32258065 137.32258065 137.32258065]
  [136.25806452 136.25806452 136.25806452]
  [136.87096774 136.87096774 136.87096774]
  ...
  [134.22580645 134.22580645 134.22580645]
  [134.83870968 134.83870968 134.83870968]
  [134.64516129 134.64516129 134.64516129]]

 [[137.5483871  137.5483871  137.5483871 ]
  [136.22580645 136.22580645 136.22580645]
  [136.58064516 136.58064516 136.58064516]
  ...
  [134.64516129 134.64516129 134.64516129]
  [134.29032258 134.29032258 134.29032258]
  [135.48387097 135.48387097 135.48387097]]

 [[137.48387097 137.48387097 137.48387097]
  [136.09677419 136.09677419 136.09677419]
  [137.29032258 137.29032258 137.29032258]
  ...
  [135.25806452 135.25806452 135.25806452]
  [134.19354839 134.19354839 134.19354839]
  [133.80645161 133.80645161 133.80645161]]

 ...

 [[127.06451613 127.06451613 127.06451613]
  [126.74193548 126.74193548 126.74193548]
  [126.4516129  126.4516129  126.4516129 ]
  ...
  [125.06451613 125.06451613 125.06451613]
  [125.22580645 125.22580645 125.22580645]
  [127.16129032 127.16129032 127.16129032]]

 [[126.4516129  126.4516129  126.4516129 ]
  [126.90322581 126.90322581 126.90322581]
  [125.77419355 125.77419355 125.77419355]
  ...
  [123.64516129 123.64516129 123.64516129]
  [124.70967742 124.70967742 124.70967742]
  [125.70967742 125.70967742 125.70967742]]

 [[128.12903226 128.12903226 128.12903226]
  [127.74193548 127.74193548 127.74193548]
  [127.06451613 127.06451613 127.06451613]
  ...
  [124.87096774 124.87096774 124.87096774]
  [125.4516129  125.4516129  125.4516129 ]
  [124.77419355 124.77419355 124.77419355]]]690,[[[127.35483871 127.35483871 127.35483871]
  [127.16129032 127.16129032 127.16129032]
  [127.87096774 127.87096774 127.87096774]
  ...
  [125.03225806 125.03225806 125.03225806]
  [126.06451613 126.06451613 126.06451613]
  [124.83870968 124.83870968 124.83870968]]

 [[126.51612903 126.51612903 126.51612903]
  [126.         126.         126.        ]
  [127.41935484 127.41935484 127.41935484]
  ...
  [126.19354839 126.19354839 126.19354839]
  [124.58064516 124.58064516 124.58064516]
  [125.41935484 125.41935484 125.41935484]]

 [[127.32258065 127.32258065 127.32258065]
  [126.32258065 126.32258065 126.32258065]
  [127.29032258 127.29032258 127.29032258]
  ...
  [125.12903226 125.12903226 125.12903226]
  [124.87096774 124.87096774 124.87096774]
  [125.35483871 125.35483871 125.35483871]]

 ...

 [[117.48387097 117.48387097 117.48387097]
  [116.38709677 116.38709677 116.38709677]
  [116.38709677 116.38709677 116.38709677]
  ...
  [115.5483871  115.5483871  115.5483871 ]
  [115.19354839 115.19354839 115.19354839]
  [116.96774194 116.96774194 116.96774194]]

 [[116.61290323 116.61290323 116.61290323]
  [116.96774194 116.96774194 116.96774194]
  [116.32258065 116.32258065 116.32258065]
  ...
  [114.67741935 114.67741935 114.67741935]
  [115.06451613 115.06451613 115.06451613]
  [116.         116.         116.        ]]

 [[117.58064516 117.58064516 117.58064516]
  [117.38709677 117.38709677 117.38709677]
  [115.77419355 115.77419355 115.77419355]
  ...
  [114.58064516 114.58064516 114.58064516]
  [115.61290323 115.61290323 115.61290323]
  [115.48387097 115.48387097 115.48387097]]]700,[[[118.03225806 118.03225806 118.03225806]
  [118.06451613 118.06451613 118.06451613]
  [118.22580645 118.22580645 118.22580645]
  ...
  [116.48387097 116.48387097 116.48387097]
  [116.67741935 116.67741935 116.67741935]
  [116.35483871 116.35483871 116.35483871]]

 [[118.29032258 118.29032258 118.29032258]
  [118.5483871  118.5483871  118.5483871 ]
  [118.32258065 118.32258065 118.32258065]
  ...
  [116.80645161 116.80645161 116.80645161]
  [115.77419355 115.77419355 115.77419355]
  [117.61290323 117.61290323 117.61290323]]

 [[118.93548387 118.93548387 118.93548387]
  [118.38709677 118.38709677 118.38709677]
  [118.41935484 118.41935484 118.41935484]
  ...
  [116.93548387 116.93548387 116.93548387]
  [116.32258065 116.32258065 116.32258065]
  [116.4516129  116.4516129  116.4516129 ]]

 ...

 [[108.32258065 108.32258065 108.32258065]
  [107.96774194 107.96774194 107.96774194]
  [108.32258065 108.32258065 108.32258065]
  ...
  [109.38709677 109.38709677 109.38709677]
  [108.16129032 108.16129032 108.16129032]
  [109.96774194 109.96774194 109.96774194]]

 [[108.16129032 108.16129032 108.16129032]
  [108.64516129 108.64516129 108.64516129]
  [107.87096774 107.87096774 107.87096774]
  ...
  [108.         108.         108.        ]
  [109.32258065 109.32258065 109.32258065]
  [109.22580645 109.22580645 109.22580645]]

 [[109.80645161 109.80645161 109.80645161]
  [109.22580645 109.22580645 109.22580645]
  [108.70967742 108.70967742 108.70967742]
  ...
  [108.80645161 108.80645161 108.80645161]
  [108.74193548 108.74193548 108.74193548]
  [108.96774194 108.96774194 108.96774194]]]710,[[[105.06451613 105.06451613 105.06451613]
  [104.48387097 104.48387097 104.48387097]
  [105.06451613 105.06451613 105.06451613]
  ...
  [103.41935484 103.41935484 103.41935484]
  [103.96774194 103.96774194 103.96774194]
  [103.32258065 103.32258065 103.32258065]]

 [[104.77419355 104.77419355 104.77419355]
  [104.35483871 104.35483871 104.35483871]
  [105.         105.         105.        ]
  ...
  [104.06451613 104.06451613 104.06451613]
  [103.35483871 103.35483871 103.35483871]
  [104.70967742 104.70967742 104.70967742]]

 [[105.51612903 105.51612903 105.51612903]
  [104.67741935 104.67741935 104.67741935]
  [105.03225806 105.03225806 105.03225806]
  ...
  [103.87096774 103.87096774 103.87096774]
  [103.70967742 103.70967742 103.70967742]
  [103.38709677 103.38709677 103.38709677]]

 ...

 [[ 95.67741935  95.67741935  95.67741935]
  [ 95.32258065  95.32258065  95.32258065]
  [ 96.29032258  96.29032258  96.29032258]
  ...
  [ 97.4516129   97.4516129   97.4516129 ]
  [ 97.16129032  97.16129032  97.16129032]
  [ 98.16129032  98.16129032  98.16129032]]

 [[ 96.06451613  96.06451613  96.06451613]
  [ 96.5483871   96.5483871   96.5483871 ]
  [ 95.5483871   95.5483871   95.5483871 ]
  ...
  [ 96.64516129  96.64516129  96.64516129]
  [ 97.32258065  97.32258065  97.32258065]
  [ 97.90322581  97.90322581  97.90322581]]

 [[ 97.29032258  97.29032258  97.29032258]
  [ 97.12903226  97.12903226  97.12903226]
  [ 95.96774194  95.96774194  95.96774194]
  ...
  [ 97.74193548  97.74193548  97.74193548]
  [ 97.41935484  97.41935484  97.41935484]
  [ 97.61290323  97.61290323  97.61290323]]]720,[[[133.5483871  133.5483871  133.5483871 ]
  [133.25806452 133.25806452 133.25806452]
  [133.90322581 133.90322581 133.90322581]
  ...
  [131.4516129  131.4516129  131.4516129 ]
  [131.90322581 131.90322581 131.90322581]
  [131.41935484 131.41935484 131.41935484]]

 [[133.67741935 133.67741935 133.67741935]
  [133.61290323 133.61290323 133.61290323]
  [133.64516129 133.64516129 133.64516129]
  ...
  [132.80645161 132.80645161 132.80645161]
  [131.         131.         131.        ]
  [132.51612903 132.51612903 132.51612903]]

 [[134.16129032 134.16129032 134.16129032]
  [133.12903226 133.12903226 133.12903226]
  [133.80645161 133.80645161 133.80645161]
  ...
  [132.32258065 132.32258065 132.32258065]
  [131.83870968 131.83870968 131.83870968]
  [131.32258065 131.32258065 131.32258065]]

 ...

 [[122.83870968 122.83870968 122.83870968]
  [122.61290323 122.61290323 122.61290323]
  [123.41935484 123.41935484 123.41935484]
  ...
  [122.83870968 122.83870968 122.83870968]
  [122.22580645 122.22580645 122.22580645]
  [123.61290323 123.61290323 123.61290323]]

 [[121.96774194 121.96774194 121.96774194]
  [123.61290323 123.61290323 123.61290323]
  [122.93548387 122.93548387 122.93548387]
  ...
  [121.5483871  121.5483871  121.5483871 ]
  [121.93548387 121.93548387 121.93548387]
  [122.83870968 122.83870968 122.83870968]]

 [[124.4516129  124.4516129  124.4516129 ]
  [124.         124.         124.        ]
  [122.77419355 122.77419355 122.77419355]
  ...
  [122.51612903 122.51612903 122.51612903]
  [122.16129032 122.16129032 122.16129032]
  [122.32258065 122.32258065 122.32258065]]]